
accuracy =

    0.9590

